________________________________________________________________________________________________________________________________________________________________________________

Perfil NACA 4415

Rey = [ , 1.0 , 11.0 , 23.0 , 33.0 , 35.0 , 39.0 , 43.0 , 45.0 , 51.0 , 53.0 , 55.0 , 59.0 , 63.0 , 65.0 , 67.0 , 73.0 , 77.0 , 83.0 , 89.0 , 91.0 , 97.0 , 103.0 , 113.0 , 115.0 , 117.0 , 119.0 , 125.0 ]


Cla = [ , 0.0579 , 0.08495 , 0.17435 , 0.1003 , 0.1017 , 0.1047 , 0.1012 , 0.1016 , 0.09587 , 0.09187 , 0.09527 , 0.09505 , 0.09205 , 0.09293 , 0.09305 , 0.0709 , 0.07082 , 0.07047 , 0.09297 , 0.09298 , 0.06945 , 0.07057 , 0.09343 , 0.09343 , 0.09298 , 0.09308 , 0.09335 ]


Cl0 = [ , -0.1423 , 0.5657 , 0.4617 , 0.4092 , 0.4096 , 0.4105 , 0.4112 , 0.412 , 0.4128 , 0.4131 , 0.4134 , 0.4137 , 0.4139 , 0.4139 , 0.4137 , 0.4135 , 0.4136 , 0.4129 , 0.4122 , 0.4125 , 0.4125 , 0.4122 , 0.4117 , 0.412 , 0.4122 , 0.4122 , 0.4123 ]


Clmax = [ , 0.7345 , 1.3971 , 1.3888 , 1.4174 , 1.4224 , 1.4383 , 1.447 , 1.4546 , 1.4704 , 1.4721 , 1.4793 , 1.488 , 1.4938 , 1.4971 , 1.5012 , 1.5096 , 1.5136 , 1.5214 , 1.5267 , 1.5302 , 1.5384 , 1.5446 , 1.5541 , 1.5575 , 1.5606 , 1.5636 , 1.5717 ]


al0 = [ , 2.458 , -6.659 , -2.648 , -4.08 , -4.028 , -3.921 , -4.063 , -4.055 , -4.306 , -4.497 , -4.339 , -4.352 , -4.496 , -4.454 , -4.446 , -5.832 , -5.84 , -5.859 , -4.433 , -4.437 , -5.94 , -5.841 , -4.407 , -4.41 , -4.433 , -4.428 , -4.417 ]


als = [ , 18.0 , 15.0 , 15.0 , 15.0 , 15.0 , 15.0 , 15.0 , 15.0 , 15.0 , 16.0 , 15.0 , 15.0 , 15.0 , 15.0 , 15.0 , 15.0 , 15.0 , 15.0 , 16.0 , 16.0 , 16.0 , 16.0 , 17.0 , 17.0 , 17.0 , 17.0 , 17.0 ]


clcdmax = [ , 3.24 , 51.4 , 75.14 , 85.17 , 86.91 , 89.54 , 92.47 , 93.85 , 97.13 , 98.51 , 99.71 , 102.04 , 103.9 , 104.63 , 105.68 , 108.75 , 110.54 , 112.75 , 115.23 , 116.17 , 118.22 , 119.95 , 123.51 , 124.11 , 124.85 , 125.43 , 127.01 ]


Cd0 = [ , 0.05373 , 0.01803 , 0.0105 , 0.00904 , 0.00889 , 0.00866 , 0.00847 , 0.0084 , 0.0082 , 0.00815 , 0.00812 , 0.00802 , 0.00795 , 0.00791 , 0.00789 , 0.00779 , 0.00772 , 0.00763 , 0.00756 , 0.00753 , 0.00743 , 0.00737 , 0.00727 , 0.00724 , 0.00722 , 0.00719 , 0.00713 ]
________________________________________________________________________________________________________________________________________________________________________________