________________________________________________________________________________________________________________________________________________________________________________

Perfil n0012

Rey = [ , 0.5 , 6.5 , 12.5 , 16.5 , 18.5 , 24.5 , 26.5 , 28.5 , 30.5 , 32.5 , 36.5 , 38.5 , 40.5 , 42.5 , 44.5 , 48.5 , 50.5 , 54.5 , 60.5 , 62.5 , 64.5 , 70.5 , 72.5 , 78.5 , 80.5 , 86.5 , 92.5 , 94.5 , 96.5 , 98.5 , 106.5 , 110.5 , 112.5 , 114.5 , 116.5 , 118.5 , 120.5 , 122.5 , 124.5 ]


Cla = [ , 0.03365 , 0.06715 , 0.06205 , 0.06635 , 0.067 , 0.15185 , 0.1507 , 0.14882 , 0.1445 , 0.14168 , 0.1395 , 0.13892 , 0.1375 , 0.1363 , 0.1364 , 0.1364 , 0.13455 , 0.1344 , 0.13032 , 0.13007 , 0.12985 , 0.13415 , 0.1363 , 0.1329 , 0.13243 , 0.11115 , 0.1103 , 0.11014 , 0.10996 , 0.10988 , 0.09115 , 0.0913 , 0.09132 , 0.09143 , 0.0918 , 0.09215 , 0.09193 , 0.092 , 0.0921 ]


Cl0 = [ , -0.0 , 0.0 , -0.0 , 0.0009 , -0.0005 , -0.0 , 0.0 , -0.0 , 0.0 , -0.0 , -0.0 , -0.0 , -0.0 , -0.0 , -0.0 , -0.0 , -0.0 , -0.0 , 0.0 , 0.0 , 0.0 , 0.0 , 0.0 , 0.0001 , 0.0 , 0.0001 , 0.0 , 0.0 , 0.0 , -0.0 , -0.0 , -0.0 , -0.0001 , -0.0001 , -0.0001 , -0.0001 , -0.0001 , -0.0001 , -0.0001 ]


Clmax = [ , 0.601 , 0.9324 , 1.013 , 1.0285 , 1.0484 , 1.0673 , 1.0783 , 1.0868 , 1.0816 , 1.0884 , 1.1037 , 1.1022 , 1.1046 , 1.1095 , 1.1157 , 1.1229 , 1.1276 , 1.1396 , 1.1586 , 1.1594 , 1.163 , 1.1845 , 1.1912 , 1.2094 , 1.2132 , 1.2261 , 1.2453 , 1.2507 , 1.2548 , 1.2571 , 1.2685 , 1.279 , 1.2843 , 1.2893 , 1.2941 , 1.2988 , 1.3033 , 1.3077 , 1.3119 ]


al0 = [ , 0.0 , -0.0 , 0.0 , -0.014 , 0.007 , 0.0 , -0.0 , 0.0 , -0.0 , 0.0 , 0.0 , 0.0 , 0.0 , 0.0 , 0.0 , 0.0 , 0.0 , 0.0 , -0.0 , -0.0 , -0.0 , -0.0 , -0.0 , -0.001 , -0.0 , -0.001 , -0.0 , -0.0 , -0.0 , 0.0 , 0.0 , 0.0 , 0.001 , 0.001 , 0.001 , 0.001 , 0.001 , 0.001 , 0.001 ]


als = [ , 19.0 , 10.0 , 11.0 , 12.0 , 12.0 , 13.0 , 13.0 , 14.0 , 14.0 , 13.0 , 14.0 , 14.0 , 14.0 , 14.0 , 14.0 , 14.0 , 14.0 , 14.0 , 14.0 , 14.0 , 14.0 , 14.0 , 14.0 , 14.0 , 14.0 , 15.0 , 15.0 , 15.0 , 15.0 , 15.0 , 14.0 , 15.0 , 15.0 , 15.0 , 15.0 , 15.0 , 15.0 , 15.0 , 15.0 ]


clcdmax = [ , 2.74 , 31.17 , 41.11 , 44.71 , 45.98 , 49.76 , 51.69 , 53.6 , 55.1 , 56.44 , 60.21 , 61.67 , 62.94 , 64.15 , 65.3 , 67.12 , 67.89 , 69.17 , 70.78 , 71.36 , 71.94 , 73.47 , 73.65 , 74.92 , 75.36 , 76.42 , 77.43 , 77.9 , 78.29 , 78.69 , 79.63 , 80.05 , 80.36 , 80.69 , 80.96 , 81.31 , 81.6 , 81.88 , 82.25 ]


Cd0 = [ , 0.05472 , 0.02066 , 0.0161 , 0.01246 , 0.01105 , 0.00864 , 0.00818 , 0.00782 , 0.00753 , 0.00729 , 0.00693 , 0.00679 , 0.00666 , 0.00655 , 0.00646 , 0.00631 , 0.00624 , 0.00615 , 0.00603 , 0.00598 , 0.00596 , 0.00589 , 0.00588 , 0.00583 , 0.00581 , 0.00577 , 0.00573 , 0.00573 , 0.00573 , 0.00571 , 0.00569 , 0.00566 , 0.00565 , 0.00565 , 0.00566 , 0.00565 , 0.00564 , 0.00563 , 0.00562 ]
________________________________________________________________________________________________________________________________________________________________________________