________________________________________________________________________________________________________________________________________________________________________________

Perfil BELL540

Rey = [ , 0.5 , 6.5 , 8.5 , 10.5 , 12.5 , 14.5 , 16.5 , 18.5 , 20.5 , 22.5 , 24.5 , 26.5 , 28.5 , 30.5 , 32.5 , 34.5 , 36.5 , 38.5 , 40.5 , 42.5 , 44.5 , 46.5 , 48.5 , 50.5 , 52.5 , 56.5 , 58.5 , 60.5 , 62.5 , 64.5 , 66.5 , 68.5 , 70.5 , 72.5 , 74.5 , 76.5 , 80.5 , 82.5 , 84.5 , 88.5 , 96.5 , 98.5 , 100.5 , 102.5 , 104.5 , 106.5 , 108.5 , 114.5 , 116.5 , 118.5 , 120.5 , 122.5 , 124.5 ]


Cla = [ , 0.0413 , 0.09698 , 0.10275 , 0.10495 , 0.10655 , 0.10678 , 0.10768 , 0.1092 , 0.10885 , 0.1093 , 0.11035 , 0.10995 , 0.11431 , 0.111 , 0.11125 , 0.11135 , 0.11145 , 0.11278 , 0.11285 , 0.11288 , 0.11292 , 0.1119 , 0.11205 , 0.1121 , 0.1122 , 0.11225 , 0.11235 , 0.11245 , 0.11233 , 0.11362 , 0.11365 , 0.11353 , 0.11245 , 0.11267 , 0.11235 , 0.11196 , 0.11135 , 0.11125 , 0.11111 , 0.11138 , 0.11315 , 0.1132 , 0.1132 , 0.11325 , 0.11292 , 0.11307 , 0.11322 , 0.1135 , 0.11385 , 0.11375 , 0.1136 , 0.11372 , 0.1131 ]


Cl0 = [ , -0.0 , -0.0 , -0.0 , -0.0 , -0.0 , -0.0001 , -0.0 , -0.0 , -0.0 , 0.0 , 0.0 , -0.0 , 0.0 , 0.0 , -0.0 , 0.0 , 0.0 , -0.0 , -0.0001 , 0.0 , -0.0 , 0.0 , -0.0 , -0.0 , -0.0 , -0.0 , -0.0 , -0.0 , -0.0 , 0.0 , -0.0 , -0.0 , -0.0 , -0.0 , 0.0 , -0.0 , -0.0 , -0.0 , -0.0 , -0.0 , -0.0 , -0.0 , -0.0 , 0.0 , 0.0 , -0.0 , -0.0 , -0.0 , -0.0 , -0.0 , -0.0 , -0.0 , 0.0 ]


Clmax = [ , 0.7927 , 0.8443 , 0.8911 , 0.9287 , 0.9474 , 1.0045 , 1.0246 , 1.0404 , 1.0513 , 1.1127 , 1.0599 , 1.1343 , 1.1815 , 1.1767 , 1.2033 , 1.2153 , 1.214 , 1.2427 , 1.2583 , 1.2361 , 1.2679 , 1.2856 , 1.2983 , 1.3006 , 1.3059 , 1.3297 , 1.3344 , 1.3381 , 1.335 , 1.3533 , 1.3623 , 1.3727 , 1.3837 , 1.3941 , 1.4013 , 1.4021 , 1.4151 , 1.423 , 1.4294 , 1.4454 , 1.4743 , 1.474 , 1.4746 , 1.4848 , 1.4941 , 1.5026 , 1.5104 , 1.5312 , 1.5366 , 1.5414 , 1.5464 , 1.5531 , 1.5582 ]


al0 = [ , 0.0 , 0.0 , 0.0 , 0.0 , 0.0 , 0.001 , 0.0 , 0.0 , 0.0 , -0.0 , -0.0 , 0.0 , -0.0 , -0.0 , 0.0 , -0.0 , -0.0 , 0.0 , 0.001 , -0.0 , 0.0 , -0.0 , 0.0 , 0.0 , 0.0 , 0.0 , 0.0 , 0.0 , 0.0 , -0.0 , 0.0 , 0.0 , 0.0 , 0.0 , -0.0 , 0.0 , 0.0 , 0.0 , 0.0 , 0.0 , 0.0 , 0.0 , 0.0 , -0.0 , -0.0 , 0.0 , 0.0 , 0.0 , 0.0 , 0.0 , 0.0 , 0.0 , -0.0 ]


als = [ , 19.0 , 8.0 , 9.0 , 9.0 , 9.0 , 10.0 , 10.0 , 10.0 , 10.0 , 11.0 , 10.0 , 11.0 , 12.0 , 12.0 , 13.0 , 12.0 , 12.0 , 13.0 , 13.0 , 12.0 , 13.0 , 13.0 , 13.0 , 13.0 , 13.0 , 14.0 , 14.0 , 14.0 , 13.0 , 14.0 , 14.0 , 14.0 , 14.0 , 14.0 , 14.0 , 14.0 , 14.0 , 14.0 , 14.0 , 15.0 , 15.0 , 15.0 , 15.0 , 15.0 , 15.0 , 15.0 , 15.0 , 15.0 , 15.0 , 15.0 , 16.0 , 16.0 , 16.0 ]


clcdmax = [ , 3.83 , 24.94 , 28.93 , 32.2 , 34.91 , 37.22 , 39.25 , 41.1 , 42.58 , 44.16 , 45.45 , 47.02 , 48.32 , 49.39 , 50.63 , 51.72 , 52.57 , 53.6 , 54.66 , 55.73 , 56.74 , 57.52 , 58.24 , 59.25 , 60.16 , 61.74 , 62.4 , 62.93 , 63.67 , 64.39 , 65.08 , 65.66 , 66.3 , 66.95 , 67.5 , 68.2 , 69.59 , 70.27 , 70.91 , 71.97 , 73.82 , 74.4 , 74.98 , 75.51 , 75.97 , 76.44 , 76.92 , 78.1 , 78.45 , 78.84 , 79.3 , 79.69 , 80.09 ]


Cd0 = [ , 0.04813 , 0.01341 , 0.01179 , 0.01066 , 0.00982 , 0.00917 , 0.00862 , 0.00818 , 0.00787 , 0.00771 , 0.00766 , 0.00766 , 0.00767 , 0.00769 , 0.0077 , 0.0077 , 0.00769 , 0.00767 , 0.00767 , 0.00764 , 0.00762 , 0.0076 , 0.00758 , 0.00754 , 0.00752 , 0.00746 , 0.00744 , 0.00741 , 0.00738 , 0.00735 , 0.00733 , 0.0073 , 0.00727 , 0.00724 , 0.00723 , 0.0072 , 0.00715 , 0.00712 , 0.0071 , 0.00706 , 0.00697 , 0.00694 , 0.00693 , 0.00691 , 0.00689 , 0.00687 , 0.00685 , 0.00679 , 0.00677 , 0.00675 , 0.00674 , 0.00672 , 0.00671 ]
________________________________________________________________________________________________________________________________________________________________________________