________________________________________________________________________________________________________________________________________________________________________________

Perfil e423

Rey = [ , 16.5 , 18.5 , 24.5 , 26.5 , 28.5 , 30.5 , 32.5 , 34.5 , 36.5 , 38.5 , 40.5 , 44.5 , 50.5 , 54.5 , 56.5 , 62.5 , 64.5 , 70.5 , 78.5 , 80.5 , 84.5 , 92.5 , 98.5 , 100.5 , 102.5 , 104.5 , 110.5 , 112.5 , 114.5 , 116.5 , 118.5 , 120.5 ]


Cla = [ , 0.0985 , 0.0939 , 0.10485 , 0.10388 , 0.1013 , 0.10361 , 0.10137 , 0.10313 , 0.10674 , 0.10614 , 0.10925 , 0.10506 , 0.10897 , 0.10865 , 0.10858 , 0.1066 , 0.1078 , 0.10145 , 0.10078 , 0.10755 , 0.10705 , 0.09376 , 0.10086 , 0.10455 , 0.10455 , 0.10182 , 0.10195 , 0.1045 , 0.1045 , 0.1045 , 0.1045 , 0.1045 ]


Cl0 = [ , 1.0403 , 1.0712 , 1.1136 , 1.1177 , 1.1151 , 1.1156 , 1.1172 , 1.1205 , 1.1169 , 1.1151 , 1.1141 , 1.1132 , 1.1117 , 1.1089 , 1.1079 , 1.1056 , 1.1052 , 1.1051 , 1.1013 , 1.1004 , 1.0989 , 1.0967 , 1.0957 , 1.0956 , 1.0958 , 1.096 , 1.0956 , 1.0956 , 1.0957 , 1.0958 , 1.096 , 1.0962 ]


Clmax = [ , 1.9357 , 1.9845 , 2.008 , 2.0097 , 2.006 , 2.0072 , 2.0101 , 2.0094 , 2.0094 , 2.0097 , 2.0107 , 2.0133 , 2.0155 , 2.018 , 2.0181 , 2.0221 , 2.0233 , 2.026 , 2.0291 , 2.0287 , 2.0322 , 2.0339 , 2.037 , 2.0383 , 2.0393 , 2.0398 , 2.0394 , 2.0402 , 2.0417 , 2.043 , 2.0439 , 2.0446 ]


al0 = [ , -10.561 , -11.408 , -10.621 , -10.76 , -11.008 , -10.767 , -11.02 , -10.865 , -10.464 , -10.506 , -10.198 , -10.596 , -10.201 , -10.206 , -10.204 , -10.371 , -10.252 , -10.893 , -10.928 , -10.232 , -10.265 , -11.697 , -10.863 , -10.479 , -10.481 , -10.764 , -10.746 , -10.484 , -10.485 , -10.486 , -10.488 , -10.49 ]


als = [ , 14.0 , 12.0 , 12.0 , 12.0 , 12.0 , 12.0 , 12.0 , 12.0 , 12.0 , 12.0 , 13.0 , 13.0 , 13.0 , 13.0 , 12.0 , 13.0 , 13.0 , 12.0 , 13.0 , 13.0 , 12.0 , 12.0 , 12.0 , 12.0 , 12.0 , 12.0 , 12.0 , 12.0 , 12.0 , 12.0 , 12.0 , 12.0 ]


clcdmax = [ , 122.56 , 151.5 , 85.0 , 89.41 , 94.17 , 98.52 , 101.69 , 104.33 , 107.41 , 110.42 , 113.21 , 117.67 , 123.49 , 121.37 , 122.7 , 130.67 , 127.28 , 139.41 , 144.74 , 135.89 , 137.19 , 151.65 , 155.28 , 145.41 , 146.28 , 158.81 , 161.85 , 161.07 , 163.58 , 164.45 , 165.16 , 166.05 ]


Cd0 = [ , 0.00939 , 0.00755 , 0.01713 , 0.01644 , 0.01576 , 0.01526 , 0.01472 , 0.01439 , 0.01393 , 0.01355 , 0.0132 , 0.01266 , 0.01208 , 0.01166 , 0.01147 , 0.01102 , 0.01091 , 0.01063 , 0.01019 , 0.01009 , 0.00989 , 0.00959 , 0.00943 , 0.00938 , 0.00935 , 0.00931 , 0.00911 , 0.00905 , 0.009 , 0.00895 , 0.00889 , 0.00885 ]
________________________________________________________________________________________________________________________________________________________________________________