________________________________________________________________________________________________________________________________________________________________________________

Perfil s1223

Rey = [ , 9.0 , 11.0 , 13.0 , 15.0 , 17.0 , 19.0 , 25.0 , 27.0 , 33.0 , 39.0 , 45.0 , 47.0 , 51.0 , 63.0 , 69.0 , 75.0 , 77.0 , 79.0 , 83.0 , 85.0 , 87.0 , 89.0 , 91.0 , 93.0 , 97.0 , 99.0 , 101.0 , 103.0 , 107.0 , 109.0 , 111.0 , 113.0 , 115.0 , 117.0 , 119.0 , 121.0 , 125.0 , 127.0 , 129.0 ]


Cla = [ , 0.10143 , 0.09678 , 0.10152 , 0.10475 , 0.1051 , 0.10598 , 0.10565 , 0.1016 , 0.11435 , 0.1242 , 0.12175 , 0.1212 , 0.11425 , 0.11295 , 0.10155 , 0.12105 , 0.12085 , 0.12355 , 0.12072 , 0.12083 , 0.1211 , 0.1211 , 0.12115 , 0.12138 , 0.12162 , 0.12117 , 0.1208 , 0.11358 , 0.12 , 0.11983 , 0.11972 , 0.1196 , 0.11397 , 0.11945 , 0.11395 , 0.11397 , 0.1192 , 0.1191 , 0.11902 ]


Cl0 = [ , 1.1773 , 1.1755 , 1.1747 , 1.1722 , 1.1699 , 1.1663 , 1.1561 , 1.1482 , 1.1424 , 1.1411 , 1.1383 , 1.1411 , 1.1455 , 1.1493 , 1.1556 , 1.1613 , 1.1628 , 1.1643 , 1.1669 , 1.1685 , 1.1698 , 1.1708 , 1.1712 , 1.1708 , 1.1708 , 1.1732 , 1.1753 , 1.1771 , 1.1802 , 1.1817 , 1.183 , 1.1843 , 1.1855 , 1.1867 , 1.1878 , 1.1889 , 1.1909 , 1.1921 , 1.1933 ]


Clmax = [ , 1.9716 , 2.1685 , 2.269 , 2.2649 , 2.2822 , 2.2906 , 2.293 , 2.2982 , 2.3132 , 2.3248 , 2.3337 , 2.3372 , 2.3406 , 2.3521 , 2.3562 , 2.3616 , 2.3622 , 2.3637 , 2.3683 , 2.37 , 2.371 , 2.3716 , 2.372 , 2.3738 , 2.3776 , 2.379 , 2.3798 , 2.3803 , 2.3749 , 2.3824 , 2.3841 , 2.3856 , 2.3867 , 2.3876 , 2.3881 , 2.3884 , 2.3887 , 2.3898 , 2.3914 ]


al0 = [ , -11.608 , -12.146 , -11.571 , -11.19 , -11.131 , -11.005 , -10.943 , -11.301 , -9.99 , -9.188 , -9.349 , -9.415 , -10.026 , -10.175 , -11.38 , -9.594 , -9.622 , -9.424 , -9.666 , -9.671 , -9.66 , -9.668 , -9.667 , -9.646 , -9.626 , -9.682 , -9.729 , -10.364 , -9.835 , -9.862 , -9.881 , -9.902 , -10.402 , -9.935 , -10.424 , -10.432 , -9.991 , -10.009 , -10.026 ]


als = [ , 10.0 , 11.0 , 13.0 , 12.0 , 13.0 , 13.0 , 14.0 , 14.0 , 14.0 , 14.0 , 14.0 , 14.0 , 14.0 , 14.0 , 14.0 , 14.0 , 14.0 , 14.0 , 14.0 , 14.0 , 14.0 , 14.0 , 14.0 , 14.0 , 14.0 , 14.0 , 14.0 , 14.0 , 13.0 , 14.0 , 14.0 , 14.0 , 14.0 , 14.0 , 14.0 , 14.0 , 14.0 , 14.0 , 14.0 ]


clcdmax = [ , 51.55 , 56.82 , 61.24 , 65.18 , 69.03 , 72.22 , 80.12 , 82.41 , 87.2 , 90.87 , 93.82 , 95.08 , 97.48 , 103.35 , 108.77 , 108.68 , 109.61 , 110.56 , 113.95 , 114.6 , 115.26 , 116.07 , 115.26 , 117.71 , 119.28 , 120.07 , 120.87 , 121.59 , 122.89 , 123.54 , 124.2 , 124.77 , 126.46 , 125.93 , 128.02 , 128.81 , 127.83 , 128.23 , 128.54 ]


Cd0 = [ , 0.02321 , 0.02179 , 0.02073 , 0.01989 , 0.01926 , 0.01859 , 0.01736 , 0.01696 , 0.01619 , 0.0155 , 0.01519 , 0.01495 , 0.01458 , 0.01402 , 0.01363 , 0.01332 , 0.01324 , 0.01317 , 0.01305 , 0.01295 , 0.01287 , 0.0128 , 0.01274 , 0.01272 , 0.01266 , 0.01255 , 0.01247 , 0.01239 , 0.01225 , 0.01219 , 0.01214 , 0.01209 , 0.01204 , 0.01199 , 0.01195 , 0.01191 , 0.01183 , 0.01178 , 0.01172 ]
________________________________________________________________________________________________________________________________________________________________________________