________________________________________________________________________________________________________________________________________________________________________________

Perfil fx73cl3152

Rey = [ , 10.5 , 12.5 , 14.5 , 16.5 , 18.5 , 20.5 , 22.5 , 24.5 , 26.5 , 28.5 , 30.5 , 32.5 , 34.5 , 36.5 , 38.5 , 40.5 , 42.5 , 44.5 , 46.5 , 48.5 , 50.5 , 52.5 , 54.5 , 56.5 , 58.5 , 62.5 , 64.5 , 66.5 , 68.5 , 70.5 , 74.5 , 76.5 , 78.5 , 84.5 , 86.5 , 88.5 , 90.5 , 94.5 , 96.5 , 98.5 , 104.5 , 106.5 , 108.5 , 110.5 , 114.5 , 118.5 , 122.5 , 124.5 ]


Cla = [ , 0.10282 , 0.10365 , 0.10305 , 0.1072 , 0.11025 , 0.10932 , 0.10655 , 0.1095 , 0.10865 , 0.10825 , 0.10795 , 0.10948 , 0.1078 , 0.10727 , 0.1072 , 0.111 , 0.11095 , 0.11072 , 0.10608 , 0.1065 , 0.1062 , 0.106 , 0.1058 , 0.1055 , 0.1053 , 0.10528 , 0.10323 , 0.10442 , 0.1044 , 0.10398 , 0.10357 , 0.10437 , 0.10352 , 0.10437 , 0.10475 , 0.10373 , 0.10383 , 0.104 , 0.10645 , 0.10413 , 0.10532 , 0.10448 , 0.10458 , 0.10555 , 0.10478 , 0.10475 , 0.10603 , 0.10608 ]


Cl0 = [ , 0.8443 , 0.8508 , 0.8552 , 0.8534 , 0.8534 , 0.8518 , 0.8526 , 0.8496 , 0.8483 , 0.8479 , 0.8472 , 0.8459 , 0.845 , 0.8444 , 0.8442 , 0.8445 , 0.8439 , 0.8437 , 0.8437 , 0.8438 , 0.8439 , 0.844 , 0.844 , 0.8441 , 0.8445 , 0.8456 , 0.8462 , 0.8469 , 0.8475 , 0.8482 , 0.8493 , 0.8497 , 0.8501 , 0.851 , 0.8511 , 0.8514 , 0.8523 , 0.8538 , 0.8546 , 0.8553 , 0.8573 , 0.858 , 0.8586 , 0.8591 , 0.8601 , 0.861 , 0.8619 , 0.8623 ]


Clmax = [ , 1.3453 , 1.4932 , 1.7147 , 1.8168 , 1.8994 , 1.9791 , 2.0134 , 2.0547 , 2.0726 , 1.7882 , 2.0848 , 2.0829 , 2.0865 , 2.0921 , 2.0993 , 2.1031 , 2.1038 , 2.1069 , 2.1107 , 2.1143 , 2.1171 , 2.1193 , 2.1238 , 2.1292 , 2.1344 , 2.1429 , 2.1462 , 2.1489 , 2.1509 , 2.1523 , 2.162 , 2.1672 , 2.1718 , 2.1825 , 2.1849 , 2.1867 , 2.188 , 2.1911 , 2.1961 , 2.2003 , 2.2097 , 2.2121 , 2.214 , 2.2155 , 2.2174 , 2.2193 , 2.226 , 2.2288 ]


al0 = [ , -8.211 , -8.208 , -8.299 , -7.961 , -7.741 , -7.792 , -8.002 , -7.759 , -7.808 , -7.833 , -7.848 , -7.727 , -7.839 , -7.872 , -7.875 , -7.608 , -7.606 , -7.62 , -7.954 , -7.923 , -7.946 , -7.962 , -7.977 , -8.001 , -8.02 , -8.032 , -8.198 , -8.11 , -8.118 , -8.157 , -8.201 , -8.141 , -8.212 , -8.153 , -8.125 , -8.208 , -8.208 , -8.21 , -8.028 , -8.214 , -8.14 , -8.212 , -8.21 , -8.139 , -8.208 , -8.22 , -8.129 , -8.129 ]


als = [ , 7.0 , 7.0 , 10.0 , 11.0 , 11.0 , 12.0 , 13.0 , 14.0 , 15.0 , 9.0 , 16.0 , 16.0 , 16.0 , 16.0 , 16.0 , 16.0 , 16.0 , 16.0 , 16.0 , 16.0 , 16.0 , 16.0 , 16.0 , 16.0 , 16.0 , 16.0 , 16.0 , 16.0 , 16.0 , 16.0 , 16.0 , 16.0 , 16.0 , 16.0 , 16.0 , 16.0 , 16.0 , 16.0 , 16.0 , 16.0 , 16.0 , 16.0 , 16.0 , 16.0 , 16.0 , 16.0 , 16.0 , 16.0 ]


clcdmax = [ , 39.04 , 46.03 , 52.37 , 56.45 , 61.1 , 64.86 , 68.1 , 71.68 , 74.19 , 77.35 , 79.76 , 82.41 , 84.84 , 86.6 , 88.84 , 91.03 , 92.94 , 94.55 , 95.9 , 97.62 , 99.28 , 100.31 , 101.71 , 102.87 , 103.85 , 104.94 , 107.48 , 110.51 , 108.42 , 112.86 , 114.92 , 115.24 , 117.48 , 120.1 , 121.17 , 123.22 , 124.25 , 126.08 , 127.23 , 128.4 , 127.68 , 132.8 , 133.82 , 130.54 , 136.6 , 138.36 , 135.17 , 135.86 ]


Cd0 = [ , 0.02457 , 0.02219 , 0.02052 , 0.01918 , 0.01823 , 0.01737 , 0.0168 , 0.01611 , 0.01558 , 0.0152 , 0.01484 , 0.01443 , 0.0141 , 0.01382 , 0.01361 , 0.01346 , 0.01318 , 0.01294 , 0.01273 , 0.01255 , 0.01239 , 0.01224 , 0.01213 , 0.01205 , 0.01195 , 0.01165 , 0.01152 , 0.0114 , 0.01129 , 0.01119 , 0.011 , 0.01092 , 0.01085 , 0.01068 , 0.01064 , 0.0106 , 0.01051 , 0.01036 , 0.01029 , 0.01022 , 0.01004 , 0.00998 , 0.00992 , 0.00987 , 0.00977 , 0.00969 , 0.00961 , 0.00957 ]
________________________________________________________________________________________________________________________________________________________________________________