________________________________________________________________________________________________________________________________________________________________________________

Perfil S 1210

Rey = [ , 15.0 , 17.0 , 21.0 , 23.0 , 25.0 , 27.0 , 29.0 , 31.0 , 35.0 , 39.0 , 41.0 , 47.0 , 49.0 , 51.0 , 53.0 , 57.0 , 61.0 , 63.0 , 65.0 , 67.0 , 71.0 , 75.0 , 77.0 , 85.0 , 87.0 , 89.0 , 91.0 , 95.0 , 101.0 , 107.0 , 109.0 , 111.0 , 113.0 , 115.0 , 117.0 , 123.0 , 127.0 , 129.0 ]


Cla = [ , 0.1199 , 0.11938 , 0.11715 , 0.11725 , 0.11645 , 0.11547 , 0.1159 , 0.1157 , 0.1142 , 0.11505 , 0.1152 , 0.1138 , 0.1145 , 0.11342 , 0.11375 , 0.11435 , 0.1132 , 0.1133 , 0.1139 , 0.11345 , 0.1143 , 0.11816 , 0.11309 , 0.11314 , 0.11342 , 0.11721 , 0.1127 , 0.1137 , 0.08538 , 0.11308 , 0.114 , 0.11395 , 0.1139 , 0.1139 , 0.114 , 0.12425 , 0.11879 , 0.11746 ]


Cl0 = [ , 1.0452 , 1.0491 , 1.055 , 1.0551 , 1.0573 , 1.0576 , 1.059 , 1.0599 , 1.0617 , 1.0637 , 1.0643 , 1.0678 , 1.0689 , 1.0698 , 1.0704 , 1.0725 , 1.0749 , 1.0759 , 1.0769 , 1.0777 , 1.0794 , 1.0811 , 1.0821 , 1.0858 , 1.0866 , 1.0874 , 1.0881 , 1.09 , 1.0923 , 1.0943 , 1.0949 , 1.0954 , 1.0958 , 1.0964 , 1.097 , 1.0989 , 1.1003 , 1.1009 ]


Clmax = [ , 1.9853 , 1.982 , 1.9573 , 1.956 , 1.959 , 1.9655 , 1.9693 , 1.9826 , 1.9981 , 2.0203 , 2.0307 , 2.0525 , 2.0632 , 2.073 , 2.081 , 2.0928 , 2.101 , 2.1104 , 2.1182 , 2.1249 , 2.1351 , 2.1422 , 2.1452 , 2.1627 , 2.1662 , 2.1689 , 2.1711 , 2.1741 , 2.1822 , 2.1846 , 2.1844 , 2.1857 , 2.1876 , 2.1899 , 2.192 , 2.1968 , 2.1987 , 2.1994 ]


al0 = [ , -8.717 , -8.788 , -9.006 , -8.999 , -9.079 , -9.159 , -9.137 , -9.161 , -9.297 , -9.246 , -9.239 , -9.383 , -9.335 , -9.432 , -9.41 , -9.379 , -9.496 , -9.496 , -9.455 , -9.499 , -9.444 , -9.149 , -9.569 , -9.597 , -9.58 , -9.277 , -9.655 , -9.587 , -12.794 , -9.678 , -9.604 , -9.613 , -9.621 , -9.626 , -9.623 , -8.844 , -9.263 , -9.373 ]


als = [ , 15.0 , 15.0 , 15.0 , 14.0 , 14.0 , 12.0 , 12.0 , 13.0 , 13.0 , 13.0 , 13.0 , 13.0 , 14.0 , 14.0 , 14.0 , 14.0 , 14.0 , 14.0 , 14.0 , 14.0 , 14.0 , 14.0 , 14.0 , 14.0 , 14.0 , 14.0 , 14.0 , 14.0 , 14.0 , 14.0 , 14.0 , 14.0 , 13.0 , 13.0 , 13.0 , 13.0 , 13.0 , 13.0 ]


clcdmax = [ , 74.97 , 80.04 , 88.01 , 91.62 , 94.72 , 97.55 , 100.37 , 102.87 , 107.43 , 111.62 , 113.34 , 118.93 , 120.62 , 122.09 , 123.5 , 126.15 , 129.35 , 130.84 , 132.15 , 133.28 , 135.34 , 137.59 , 138.91 , 142.19 , 142.7 , 143.18 , 143.74 , 145.1 , 147.4 , 149.2 , 149.75 , 150.04 , 150.46 , 151.03 , 151.73 , 153.32 , 154.16 , 154.79 ]


Cd0 = [ , 0.01695 , 0.01608 , 0.01488 , 0.01433 , 0.01395 , 0.01354 , 0.01325 , 0.01293 , 0.01245 , 0.01199 , 0.01184 , 0.01132 , 0.01117 , 0.01105 , 0.01096 , 0.01073 , 0.01049 , 0.01039 , 0.01031 , 0.01024 , 0.0101 , 0.00994 , 0.00987 , 0.00961 , 0.00956 , 0.00951 , 0.00947 , 0.00934 , 0.00918 , 0.00906 , 0.00902 , 0.00899 , 0.00896 , 0.00893 , 0.0089 , 0.0088 , 0.00872 , 0.00868 ]
________________________________________________________________________________________________________________________________________________________________________________