________________________________________________________________________________________________________________________________________________________________________________

Perfil NACA 4412

Rey = [ , 1.0 , 7.0 , 13.0 , 15.0 , 17.0 , 23.0 , 25.0 , 27.0 , 29.0 , 31.0 , 33.0 , 37.0 , 39.0 , 41.0 , 43.0 , 45.0 , 47.0 , 49.0 , 51.0 , 53.0 , 55.0 , 57.0 , 59.0 , 61.0 , 63.0 , 65.0 , 67.0 , 69.0 , 71.0 , 75.0 , 77.0 , 81.0 , 83.0 , 85.0 , 87.0 , 89.0 , 91.0 , 93.0 , 95.0 , 97.0 , 101.0 , 105.0 , 109.0 , 111.0 , 113.0 , 115.0 , 117.0 , 119.0 , 121.0 , 127.0 , 129.0 ]


Cla = [ , 0.07025 , 0.13355 , 0.13892 , 0.1303 , 0.12355 , 0.11085 , 0.11197 , 0.1115 , 0.11028 , 0.10948 , 0.11315 , 0.10983 , 0.11035 , 0.1097 , 0.1099 , 0.11005 , 0.11025 , 0.10455 , 0.11033 , 0.11025 , 0.11035 , 0.11102 , 0.11245 , 0.11026 , 0.1106 , 0.11155 , 0.1107 , 0.11075 , 0.1108 , 0.11098 , 0.11108 , 0.11112 , 0.1112 , 0.11117 , 0.1112 , 0.11125 , 0.1113 , 0.11135 , 0.11142 , 0.11133 , 0.11026 , 0.11143 , 0.1113 , 0.11158 , 0.11163 , 0.11165 , 0.11183 , 0.11195 , 0.11185 , 0.11195 , 0.11197 ]


Cl0 = [ , 0.0093 , 0.3195 , 0.4747 , 0.4878 , 0.4904 , 0.4953 , 0.4966 , 0.4963 , 0.4968 , 0.4969 , 0.4901 , 0.4742 , 0.4684 , 0.4666 , 0.4678 , 0.4698 , 0.4717 , 0.4733 , 0.4747 , 0.4759 , 0.4768 , 0.4775 , 0.478 , 0.4787 , 0.4792 , 0.4797 , 0.48 , 0.4803 , 0.4806 , 0.4813 , 0.4816 , 0.4819 , 0.482 , 0.4823 , 0.4825 , 0.4827 , 0.4829 , 0.483 , 0.4831 , 0.4831 , 0.4834 , 0.4837 , 0.4839 , 0.484 , 0.484 , 0.484 , 0.484 , 0.4841 , 0.4843 , 0.4846 , 0.4847 ]


Clmax = [ , 0.9083 , 1.4635 , 1.4413 , 1.4615 , 1.4466 , 1.4433 , 1.4423 , 1.4438 , 1.4441 , 1.4485 , 1.4535 , 1.4636 , 1.4722 , 1.4809 , 1.4883 , 1.4942 , 1.5018 , 1.507 , 1.5172 , 1.5269 , 1.5362 , 1.5451 , 1.5523 , 1.5612 , 1.5686 , 1.5742 , 1.5772 , 1.5833 , 1.5924 , 1.6084 , 1.6155 , 1.6282 , 1.6336 , 1.6382 , 1.642 , 1.6448 , 1.6479 , 1.6535 , 1.6584 , 1.6631 , 1.6715 , 1.6788 , 1.6851 , 1.6879 , 1.6906 , 1.693 , 1.6952 , 1.697 , 1.6986 , 1.7067 , 1.7096 ]


al0 = [ , -0.132 , -2.392 , -3.417 , -3.744 , -3.969 , -4.468 , -4.435 , -4.451 , -4.505 , -4.539 , -4.331 , -4.318 , -4.245 , -4.253 , -4.257 , -4.269 , -4.278 , -4.527 , -4.303 , -4.317 , -4.321 , -4.301 , -4.251 , -4.342 , -4.333 , -4.3 , -4.336 , -4.337 , -4.338 , -4.337 , -4.336 , -4.337 , -4.335 , -4.338 , -4.339 , -4.339 , -4.339 , -4.338 , -4.336 , -4.339 , -4.384 , -4.341 , -4.348 , -4.338 , -4.336 , -4.335 , -4.328 , -4.324 , -4.33 , -4.329 , -4.329 ]


als = [ , 18.0 , 13.0 , 15.0 , 15.0 , 16.0 , 16.0 , 16.0 , 17.0 , 16.0 , 16.0 , 16.0 , 15.0 , 15.0 , 15.0 , 15.0 , 16.0 , 16.0 , 15.0 , 15.0 , 15.0 , 15.0 , 15.0 , 15.0 , 16.0 , 16.0 , 16.0 , 16.0 , 16.0 , 16.0 , 16.0 , 16.0 , 16.0 , 16.0 , 16.0 , 16.0 , 16.0 , 16.0 , 16.0 , 16.0 , 16.0 , 16.0 , 16.0 , 16.0 , 16.0 , 16.0 , 16.0 , 16.0 , 16.0 , 16.0 , 16.0 , 16.0 ]


clcdmax = [ , 4.86 , 44.49 , 64.41 , 68.76 , 72.88 , 82.5 , 84.89 , 87.43 , 89.61 , 91.69 , 93.73 , 97.44 , 99.04 , 100.93 , 102.49 , 103.86 , 105.08 , 106.7 , 108.12 , 109.25 , 110.26 , 111.42 , 112.63 , 113.86 , 114.85 , 115.6 , 116.21 , 117.41 , 118.35 , 119.98 , 120.73 , 122.1 , 122.79 , 123.52 , 124.48 , 125.3 , 126.12 , 126.79 , 127.46 , 127.98 , 128.99 , 130.41 , 131.67 , 132.4 , 132.94 , 133.32 , 133.87 , 134.24 , 134.62 , 136.15 , 136.73 ]


Cd0 = [ , 0.04707 , 0.02669 , 0.01396 , 0.01225 , 0.01119 , 0.00927 , 0.00887 , 0.00853 , 0.00825 , 0.008 , 0.00779 , 0.00747 , 0.00734 , 0.00724 , 0.00716 , 0.0071 , 0.00706 , 0.00704 , 0.00701 , 0.00699 , 0.00697 , 0.00696 , 0.00695 , 0.00693 , 0.00691 , 0.00689 , 0.00688 , 0.00688 , 0.00688 , 0.00685 , 0.00685 , 0.00684 , 0.00685 , 0.00684 , 0.00683 , 0.00682 , 0.00681 , 0.0068 , 0.00679 , 0.00679 , 0.00677 , 0.00673 , 0.00671 , 0.00669 , 0.00669 , 0.00668 , 0.00667 , 0.00666 , 0.00664 , 0.0066 , 0.00658 ]
________________________________________________________________________________________________________________________________________________________________________________