________________________________________________________________________________________________________________________________________________________________________________

Perfil n64012

Rey = [ , 0.5 , 6.5 , 22.5 , 26.5 , 28.5 , 30.5 , 32.5 , 34.5 , 36.5 , 38.5 , 40.5 , 42.5 , 44.5 , 46.5 , 48.5 , 50.5 , 54.5 , 56.5 , 58.5 , 60.5 , 62.5 , 64.5 , 66.5 , 72.5 , 74.5 , 76.5 , 78.5 , 80.5 , 82.5 , 84.5 , 88.5 , 90.5 , 92.5 , 94.5 , 96.5 , 98.5 , 100.5 , 102.5 , 106.5 , 108.5 , 110.5 , 112.5 , 114.5 , 116.5 , 118.5 , 120.5 , 122.5 , 124.5 , 128.5 ]


Cla = [ , 0.02512 , 0.1214 , 0.10815 , 0.10997 , 0.11057 , 0.11117 , 0.11155 , 0.11205 , 0.11158 , 0.11188 , 0.11288 , 0.11305 , 0.11315 , 0.11328 , 0.11285 , 0.10916 , 0.1132 , 0.11355 , 0.1139 , 0.11398 , 0.11403 , 0.11405 , 0.11408 , 0.11428 , 0.10903 , 0.11091 , 0.11099 , 0.11107 , 0.11406 , 0.1141 , 0.11425 , 0.11139 , 0.11145 , 0.11428 , 0.11435 , 0.11435 , 0.11448 , 0.11455 , 0.1149 , 0.11488 , 0.1152 , 0.1152 , 0.1146 , 0.11492 , 0.11495 , 0.115 , 0.11503 , 0.11505 , 0.1151 ]


Cl0 = [ , -0.0 , -0.0001 , 0.0002 , 0.0001 , 0.0002 , -0.0001 , 0.0001 , 0.0002 , 0.0002 , -0.0001 , -0.0 , 0.0001 , 0.0002 , 0.0001 , -0.0001 , -0.0001 , 0.0001 , 0.0001 , 0.0002 , 0.0001 , -0.0001 , -0.0001 , -0.0001 , 0.0001 , 0.0001 , 0.0001 , 0.0001 , 0.0 , -0.0001 , -0.0001 , -0.0001 , -0.0 , -0.0 , 0.0 , 0.0 , 0.0001 , 0.0001 , 0.0001 , 0.0001 , 0.0 , -0.0001 , -0.0001 , -0.0001 , -0.0001 , -0.0001 , -0.0 , -0.0 , -0.0 , 0.0 ]


Clmax = [ , 0.6363 , 0.8021 , 0.8827 , 0.9295 , 0.9062 , 0.977 , 0.9613 , 1.0229 , 1.0244 , 1.0441 , 1.0792 , 1.0932 , 1.1294 , 1.1465 , 1.1706 , 1.1945 , 1.2149 , 1.2258 , 1.2296 , 1.2293 , 1.2296 , 1.2312 , 1.2324 , 1.2341 , 1.2345 , 1.2353 , 1.2366 , 1.2383 , 1.2403 , 1.2424 , 1.2467 , 1.2488 , 1.2509 , 1.253 , 1.2551 , 1.2575 , 1.2598 , 1.2619 , 1.2661 , 1.268 , 1.2699 , 1.2718 , 1.2735 , 1.2752 , 1.2768 , 1.2784 , 1.2799 , 1.2814 , 1.2842 ]


al0 = [ , 0.0 , 0.001 , -0.002 , -0.001 , -0.002 , 0.001 , -0.001 , -0.002 , -0.002 , 0.001 , 0.0 , -0.001 , -0.002 , -0.001 , 0.001 , 0.001 , -0.001 , -0.001 , -0.002 , -0.001 , 0.001 , 0.001 , 0.001 , -0.001 , -0.001 , -0.001 , -0.001 , -0.0 , 0.001 , 0.001 , 0.001 , 0.0 , 0.0 , -0.0 , -0.0 , -0.001 , -0.001 , -0.001 , -0.001 , -0.0 , 0.001 , 0.001 , 0.001 , 0.001 , 0.001 , 0.0 , 0.0 , 0.0 , -0.0 ]


als = [ , 19.0 , 9.0 , 9.0 , 10.0 , 11.0 , 12.0 , 11.0 , 12.0 , 11.0 , 13.0 , 14.0 , 14.0 , 15.0 , 15.0 , 15.0 , 15.0 , 15.0 , 15.0 , 15.0 , 15.0 , 15.0 , 15.0 , 15.0 , 15.0 , 15.0 , 15.0 , 15.0 , 15.0 , 15.0 , 15.0 , 15.0 , 15.0 , 15.0 , 15.0 , 15.0 , 15.0 , 15.0 , 15.0 , 15.0 , 15.0 , 15.0 , 15.0 , 15.0 , 15.0 , 15.0 , 15.0 , 15.0 , 15.0 , 15.0 ]


clcdmax = [ , 3.33 , 28.24 , 39.77 , 43.86 , 45.63 , 47.37 , 48.76 , 50.24 , 51.39 , 52.47 , 53.46 , 54.28 , 54.96 , 55.56 , 55.95 , 56.21 , 55.4 , 54.86 , 54.39 , 55.47 , 56.63 , 57.65 , 58.28 , 60.91 , 61.7 , 62.47 , 63.1 , 63.63 , 64.24 , 64.74 , 65.91 , 66.53 , 67.06 , 67.55 , 67.98 , 68.41 , 68.75 , 69.08 , 69.99 , 70.39 , 70.75 , 71.09 , 71.33 , 70.79 , 70.74 , 71.05 , 71.3 , 71.54 , 72.04 ]


Cd0 = [ , 0.05513 , 0.0267 , 0.01081 , 0.00977 , 0.00937 , 0.00905 , 0.00872 , 0.00845 , 0.00824 , 0.00803 , 0.00782 , 0.00763 , 0.00749 , 0.00737 , 0.00724 , 0.0071 , 0.00686 , 0.00677 , 0.00669 , 0.00662 , 0.00654 , 0.00645 , 0.00636 , 0.00616 , 0.00611 , 0.00606 , 0.00602 , 0.00597 , 0.00592 , 0.00587 , 0.00576 , 0.00571 , 0.00567 , 0.00563 , 0.0056 , 0.00557 , 0.00554 , 0.00551 , 0.00546 , 0.00543 , 0.0054 , 0.00537 , 0.00533 , 0.0053 , 0.00527 , 0.00524 , 0.00521 , 0.00519 , 0.00514 ]
________________________________________________________________________________________________________________________________________________________________________________