________________________________________________________________________________________________________________________________________________________________________________

Perfil n0009

Rey = [ , 0.5 , 6.5 , 16.5 , 18.5 , 20.5 , 22.5 , 24.5 , 30.5 , 34.5 , 36.5 , 38.5 , 40.5 , 42.5 , 44.5 , 50.5 , 52.5 , 56.5 , 58.5 , 60.5 , 62.5 , 64.5 , 66.5 , 68.5 , 70.5 , 72.5 , 74.5 , 76.5 , 82.5 , 84.5 , 86.5 , 90.5 , 92.5 , 94.5 , 96.5 , 98.5 , 100.5 , 102.5 , 104.5 , 106.5 , 108.5 , 110.5 , 112.5 , 114.5 , 116.5 , 118.5 , 120.5 , 122.5 , 124.5 , 126.5 ]


Cla = [ , 0.06145 , 0.07715 , 0.0739 , 0.07135 , 0.0707 , 0.07075 , 0.0711 , 0.0786 , 0.0776 , 0.0781 , 0.07835 , 0.07825 , 0.0809 , 0.0815 , 0.1441 , 0.14262 , 0.13715 , 0.13598 , 0.13515 , 0.13157 , 0.12943 , 0.1273 , 0.126 , 0.1226 , 0.12043 , 0.11908 , 0.11785 , 0.129 , 0.12865 , 0.1284 , 0.12935 , 0.12915 , 0.1289 , 0.12875 , 0.13032 , 0.13012 , 0.12993 , 0.13097 , 0.13067 , 0.1304 , 0.13015 , 0.12992 , 0.12972 , 0.1319 , 0.1292 , 0.1306 , 0.1306 , 0.1306 , 0.1305 ]


Cl0 = [ , 0.0 , 0.0 , 0.0 , 0.0 , 0.0 , 0.0 , -0.0 , 0.0 , 0.0 , 0.0 , 0.0 , 0.0 , 0.0 , 0.0 , 0.0 , 0.0 , 0.0 , 0.0 , 0.0 , 0.0 , 0.0 , 0.0 , 0.0 , -0.0 , 0.0 , 0.0 , 0.0 , 0.0 , 0.0 , 0.0 , 0.0001 , 0.0001 , 0.0001 , 0.0001 , 0.0001 , 0.0001 , 0.0001 , 0.0001 , 0.0001 , 0.0001 , 0.0001 , 0.0001 , 0.0001 , 0.0001 , 0.0001 , 0.0001 , 0.0001 , 0.0001 , 0.0001 ]


Clmax = [ , 0.6843 , 0.7768 , 0.8608 , 0.8839 , 0.8837 , 0.9137 , 0.9026 , 0.9657 , 1.0107 , 1.0239 , 1.0163 , 1.0316 , 1.0414 , 1.0531 , 1.0727 , 1.0784 , 1.0873 , 1.097 , 1.106 , 1.1149 , 1.1236 , 1.1317 , 1.1386 , 1.1445 , 1.149 , 1.1513 , 1.1512 , 1.1447 , 1.1533 , 1.1611 , 1.1751 , 1.1278 , 1.1881 , 1.1944 , 1.2006 , 1.2067 , 1.2127 , 1.2185 , 1.2241 , 1.2294 , 1.2343 , 1.2385 , 1.2419 , 1.2445 , 1.2462 , 1.2469 , 1.2465 , 1.2447 , 1.2411 ]


al0 = [ , -0.0 , -0.0 , -0.0 , -0.0 , -0.0 , -0.0 , 0.0 , -0.0 , -0.0 , -0.0 , -0.0 , -0.0 , -0.0 , -0.0 , -0.0 , -0.0 , -0.0 , -0.0 , -0.0 , -0.0 , -0.0 , -0.0 , -0.0 , 0.0 , -0.0 , -0.0 , -0.0 , -0.0 , -0.0 , -0.0 , -0.001 , -0.001 , -0.001 , -0.001 , -0.001 , -0.001 , -0.001 , -0.001 , -0.001 , -0.001 , -0.001 , -0.001 , -0.001 , -0.001 , -0.001 , -0.001 , -0.001 , -0.001 , -0.001 ]


als = [ , 19.0 , 8.0 , 9.0 , 9.0 , 9.0 , 10.0 , 9.0 , 10.0 , 11.0 , 11.0 , 11.0 , 11.0 , 11.0 , 12.0 , 11.0 , 11.0 , 12.0 , 12.0 , 12.0 , 12.0 , 12.0 , 12.0 , 12.0 , 12.0 , 12.0 , 12.0 , 12.0 , 13.0 , 13.0 , 13.0 , 13.0 , 11.0 , 13.0 , 13.0 , 13.0 , 13.0 , 13.0 , 13.0 , 13.0 , 13.0 , 13.0 , 13.0 , 13.0 , 13.0 , 13.0 , 13.0 , 13.0 , 13.0 , 13.0 ]


clcdmax = [ , 4.24 , 30.8 , 43.37 , 44.69 , 45.75 , 46.69 , 47.5 , 49.69 , 50.99 , 51.61 , 52.18 , 52.63 , 52.75 , 53.08 , 55.88 , 56.75 , 58.78 , 59.55 , 60.38 , 61.07 , 61.51 , 61.98 , 63.05 , 64.09 , 65.04 , 65.92 , 66.77 , 69.11 , 69.85 , 70.54 , 71.89 , 72.55 , 73.21 , 73.76 , 74.38 , 74.93 , 75.44 , 75.94 , 76.45 , 76.96 , 77.41 , 77.87 , 78.26 , 78.71 , 79.04 , 79.43 , 79.75 , 80.14 , 80.47 ]


Cd0 = [ , 0.04907 , 0.01521 , 0.01081 , 0.01042 , 0.0101 , 0.00977 , 0.00934 , 0.00795 , 0.00717 , 0.00684 , 0.00652 , 0.00627 , 0.00604 , 0.00582 , 0.00533 , 0.0052 , 0.00498 , 0.00488 , 0.0048 , 0.00473 , 0.00467 , 0.00461 , 0.00455 , 0.00451 , 0.00447 , 0.00443 , 0.00441 , 0.00433 , 0.00431 , 0.00429 , 0.00427 , 0.00425 , 0.00424 , 0.00424 , 0.00423 , 0.00421 , 0.00421 , 0.00421 , 0.0042 , 0.0042 , 0.00419 , 0.0042 , 0.00419 , 0.00419 , 0.00419 , 0.00419 , 0.00419 , 0.00418 , 0.00419 ]
________________________________________________________________________________________________________________________________________________________________________________