________________________________________________________________________________________________________________________________________________________________________________

Perfil aj21s90

Rey = [ , 11.0 , 13.0 , 15.0 , 17.0 , 19.0 , 21.0 , 27.0 , 29.0 , 31.0 , 37.0 , 43.0 , 49.0 , 61.0 , 63.0 , 71.0 , 75.0 , 77.0 , 79.0 , 83.0 , 85.0 , 89.0 , 93.0 , 95.0 , 97.0 , 99.0 , 101.0 , 103.0 , 105.0 , 107.0 , 109.0 , 115.0 , 117.0 , 119.0 , 121.0 , 123.0 , 125.0 , 127.0 ]


Cla = [ , 0.10105 , 0.10368 , 0.10185 , 0.105 , 0.1028 , 0.10685 , 0.10802 , 0.10219 , 0.10402 , 0.12195 , 0.13435 , 0.11235 , 0.13185 , 0.13295 , 0.13105 , 0.1304 , 0.1301 , 0.12415 , 0.11952 , 0.11335 , 0.11945 , 0.1197 , 0.1206 , 0.11805 , 0.1185 , 0.12295 , 0.1222 , 0.1216 , 0.12733 , 0.1207 , 0.1198 , 0.11955 , 0.12697 , 0.12677 , 0.119 , 0.11885 , 0.11865 ]


Cl0 = [ , 1.1696 , 1.167 , 1.1646 , 1.1623 , 1.1579 , 1.1545 , 1.1426 , 1.139 , 1.1373 , 1.1342 , 1.1374 , 1.1359 , 1.148 , 1.1487 , 1.1518 , 1.1564 , 1.1583 , 1.16 , 1.1632 , 1.1647 , 1.1673 , 1.1694 , 1.1698 , 1.1698 , 1.1689 , 1.1682 , 1.1707 , 1.1728 , 1.1747 , 1.1764 , 1.1809 , 1.1822 , 1.1834 , 1.1846 , 1.1858 , 1.1869 , 1.188 ]


Clmax = [ , 2.0581 , 2.2605 , 2.2626 , 2.2992 , 2.3011 , 2.2949 , 2.3063 , 2.3099 , 2.3123 , 2.3282 , 2.344 , 2.3548 , 2.3703 , 2.3709 , 2.3784 , 2.3823 , 2.3838 , 2.3845 , 2.3859 , 2.3878 , 2.3899 , 2.3806 , 2.3914 , 2.3929 , 2.394 , 2.3946 , 2.3948 , 2.3947 , 2.3952 , 2.3968 , 2.3999 , 2.4002 , 2.4002 , 2.4 , 2.4004 , 2.4018 , 2.4031 ]


al0 = [ , -11.574 , -11.256 , -11.434 , -11.07 , -11.264 , -10.805 , -10.577 , -11.146 , -10.933 , -9.301 , -8.466 , -10.11 , -8.707 , -8.64 , -8.789 , -8.868 , -8.903 , -9.344 , -9.732 , -10.275 , -9.772 , -9.769 , -9.7 , -9.909 , -9.864 , -9.501 , -9.58 , -9.645 , -9.226 , -9.746 , -9.857 , -9.889 , -9.32 , -9.344 , -9.965 , -9.987 , -10.013 ]


als = [ , 10.0 , 12.0 , 13.0 , 14.0 , 13.0 , 13.0 , 14.0 , 14.0 , 14.0 , 14.0 , 14.0 , 14.0 , 14.0 , 14.0 , 14.0 , 14.0 , 14.0 , 14.0 , 14.0 , 14.0 , 14.0 , 13.0 , 14.0 , 14.0 , 14.0 , 14.0 , 14.0 , 14.0 , 14.0 , 14.0 , 14.0 , 14.0 , 14.0 , 14.0 , 14.0 , 14.0 , 14.0 ]


clcdmax = [ , 56.1 , 60.33 , 64.25 , 68.03 , 70.9 , 73.98 , 80.82 , 82.09 , 84.31 , 87.87 , 91.56 , 96.49 , 101.01 , 102.08 , 105.65 , 107.13 , 108.18 , 111.87 , 112.9 , 113.57 , 114.8 , 115.96 , 116.46 , 116.8 , 117.15 , 117.6 , 118.36 , 119.23 , 120.03 , 120.85 , 123.15 , 123.91 , 124.79 , 125.27 , 125.96 , 126.96 , 127.61 ]


Cd0 = [ , 0.02189 , 0.02085 , 0.02005 , 0.01934 , 0.0187 , 0.01829 , 0.01716 , 0.01674 , 0.01642 , 0.01587 , 0.01522 , 0.01497 , 0.01403 , 0.01396 , 0.01364 , 0.01339 , 0.01329 , 0.01319 , 0.01302 , 0.01295 , 0.01282 , 0.01272 , 0.01269 , 0.01267 , 0.01265 , 0.01264 , 0.01253 , 0.01244 , 0.01235 , 0.01228 , 0.01208 , 0.01202 , 0.01197 , 0.01191 , 0.01186 , 0.01181 , 0.01177 ]
________________________________________________________________________________________________________________________________________________________________________________