________________________________________________________________________________________________________________________________________________________________________________

Perfil fx63137

Rey = [ , 9.0 , 15.0 , 19.0 , 21.0 , 23.0 , 25.0 , 27.0 , 29.0 , 31.0 , 35.0 , 37.0 , 39.0 , 43.0 , 45.0 , 47.0 , 49.0 , 51.0 , 53.0 , 57.0 , 59.0 , 61.0 , 63.0 , 65.0 , 67.0 , 71.0 , 73.0 , 75.0 , 77.0 , 79.0 , 81.0 , 83.0 , 85.0 , 91.0 , 93.0 , 97.0 , 99.0 , 101.0 , 103.0 , 105.0 , 109.0 , 111.0 , 117.0 , 119.0 , 121.0 , 123.0 , 125.0 , 129.0 ]


Cla = [ , 0.1232 , 0.1141 , 0.11235 , 0.11315 , 0.11255 , 0.11165 , 0.11173 , 0.10995 , 0.1099 , 0.11014 , 0.11005 , 0.11015 , 0.11024 , 0.11107 , 0.1111 , 0.10918 , 0.11128 , 0.11129 , 0.117 , 0.1115 , 0.10985 , 0.10931 , 0.10937 , 0.10945 , 0.11172 , 0.11184 , 0.10967 , 0.10977 , 0.11205 , 0.11206 , 0.11205 , 0.11206 , 0.11137 , 0.11229 , 0.11235 , 0.11029 , 0.11033 , 0.11244 , 0.10777 , 0.1125 , 0.11251 , 0.1117 , 0.10931 , 0.11172 , 0.11172 , 0.11177 , 0.10949 ]


Cl0 = [ , 0.5772 , 0.8495 , 0.8842 , 0.8959 , 0.8992 , 0.9048 , 0.9085 , 0.9101 , 0.9129 , 0.9159 , 0.917 , 0.9185 , 0.9203 , 0.9209 , 0.9217 , 0.9225 , 0.9232 , 0.9238 , 0.9249 , 0.9254 , 0.926 , 0.9264 , 0.9268 , 0.9273 , 0.9284 , 0.9289 , 0.9294 , 0.9298 , 0.9302 , 0.9305 , 0.9308 , 0.9311 , 0.9325 , 0.933 , 0.9339 , 0.9343 , 0.9346 , 0.9349 , 0.9352 , 0.9357 , 0.9359 , 0.9372 , 0.9376 , 0.9379 , 0.9383 , 0.9386 , 0.9392 ]


Clmax = [ , 1.8312 , 1.8315 , 1.8405 , 1.8394 , 1.8324 , 1.8216 , 1.825 , 1.8181 , 1.8169 , 1.8199 , 1.822 , 1.8231 , 1.8288 , 1.8329 , 1.8373 , 1.8419 , 1.8462 , 1.8498 , 1.8633 , 1.8701 , 1.8762 , 1.8817 , 1.8865 , 1.8932 , 1.9079 , 1.9145 , 1.9204 , 1.9257 , 1.9304 , 1.9346 , 1.9405 , 1.9466 , 1.9617 , 1.9662 , 1.9745 , 1.9786 , 1.9836 , 1.9882 , 1.9923 , 2.0003 , 2.004 , 2.0145 , 2.018 , 2.0214 , 2.0247 , 2.0277 , 2.0335 ]


al0 = [ , -4.685 , -7.445 , -7.87 , -7.918 , -7.989 , -8.104 , -8.131 , -8.277 , -8.307 , -8.316 , -8.333 , -8.339 , -8.348 , -8.291 , -8.296 , -8.449 , -8.297 , -8.301 , -7.905 , -8.3 , -8.43 , -8.475 , -8.474 , -8.472 , -8.31 , -8.306 , -8.475 , -8.47 , -8.302 , -8.303 , -8.307 , -8.309 , -8.373 , -8.309 , -8.312 , -8.471 , -8.471 , -8.315 , -8.678 , -8.317 , -8.318 , -8.39 , -8.577 , -8.395 , -8.399 , -8.398 , -8.578 ]


als = [ , 15.0 , 16.0 , 17.0 , 18.0 , 19.0 , 19.0 , 17.0 , 18.0 , 18.0 , 19.0 , 19.0 , 19.0 , 19.0 , 19.0 , 19.0 , 19.0 , 19.0 , 18.0 , 18.0 , 18.0 , 18.0 , 18.0 , 18.0 , 17.0 , 17.0 , 17.0 , 17.0 , 17.0 , 17.0 , 17.0 , 18.0 , 18.0 , 18.0 , 18.0 , 18.0 , 17.0 , 17.0 , 17.0 , 17.0 , 17.0 , 17.0 , 17.0 , 18.0 , 18.0 , 18.0 , 18.0 , 18.0 ]


clcdmax = [ , 55.71 , 78.5 , 89.4 , 93.48 , 97.05 , 98.31 , 101.56 , 104.38 , 107.11 , 111.75 , 113.73 , 115.48 , 119.65 , 121.57 , 123.21 , 124.5 , 126.46 , 128.11 , 128.86 , 131.77 , 133.3 , 134.56 , 135.71 , 136.57 , 138.5 , 139.58 , 140.66 , 141.64 , 142.67 , 143.53 , 144.23 , 144.93 , 148.03 , 148.96 , 150.49 , 151.07 , 151.64 , 152.03 , 152.64 , 154.26 , 155.07 , 156.74 , 157.15 , 157.58 , 157.79 , 158.44 , 159.75 ]


Cd0 = [ , 0.03404 , 0.0178 , 0.01484 , 0.01385 , 0.01312 , 0.01247 , 0.01199 , 0.01152 , 0.01112 , 0.0105 , 0.01022 , 0.00999 , 0.00959 , 0.00939 , 0.00922 , 0.00908 , 0.00897 , 0.00884 , 0.00857 , 0.00846 , 0.00836 , 0.00827 , 0.0082 , 0.00813 , 0.00795 , 0.00787 , 0.0078 , 0.00773 , 0.00767 , 0.00762 , 0.00757 , 0.00753 , 0.00737 , 0.00732 , 0.00722 , 0.00717 , 0.00713 , 0.0071 , 0.00707 , 0.00701 , 0.00698 , 0.00687 , 0.00684 , 0.00681 , 0.00678 , 0.00675 , 0.0067 ]
________________________________________________________________________________________________________________________________________________________________________________