________________________________________________________________________________________________________________________________________________________________________________

Perfil n63015a

Rey = [ , 0.5 , 8.5 , 14.5 , 16.5 , 18.5 , 20.5 , 22.5 , 24.5 , 26.5 , 28.5 , 30.5 , 32.5 , 34.5 , 36.5 , 38.5 , 40.5 , 42.5 , 44.5 , 46.5 , 50.5 , 52.5 , 54.5 , 56.5 , 58.5 , 60.5 , 62.5 , 64.5 , 66.5 , 68.5 , 70.5 , 72.5 , 74.5 , 76.5 , 78.5 , 80.5 , 82.5 , 86.5 , 88.5 , 90.5 , 92.5 , 94.5 , 96.5 , 98.5 , 100.5 , 102.5 , 104.5 , 106.5 , 108.5 , 110.5 , 116.5 , 118.5 , 120.5 , 126.5 , 128.5 ]


Cla = [ , 0.03545 , 0.16505 , 0.1057 , 0.1053 , 0.1058 , 0.10717 , 0.10823 , 0.10885 , 0.10938 , 0.1098 , 0.11015 , 0.10888 , 0.11067 , 0.11085 , 0.11102 , 0.1112 , 0.10624 , 0.11057 , 0.1107 , 0.11175 , 0.11183 , 0.11193 , 0.11202 , 0.11212 , 0.1122 , 0.11223 , 0.11227 , 0.1116 , 0.11235 , 0.11172 , 0.1118 , 0.11245 , 0.11253 , 0.1127 , 0.11275 , 0.11277 , 0.1128 , 0.11285 , 0.1129 , 0.11298 , 0.11305 , 0.11315 , 0.1131 , 0.11328 , 0.1133 , 0.1133 , 0.11327 , 0.11125 , 0.11126 , 0.1131 , 0.11325 , 0.11325 , 0.1133 , 0.11335 ]


Cl0 = [ , -0.0 , -0.0018 , -0.0007 , -0.0003 , 0.0003 , -0.0003 , 0.0002 , -0.0001 , -0.0002 , 0.0001 , -0.0 , -0.0001 , 0.0001 , 0.0 , 0.0 , -0.0 , -0.0001 , -0.0 , -0.0001 , 0.0 , 0.0 , 0.0001 , 0.0 , -0.0001 , -0.0001 , -0.0001 , -0.0 , 0.0 , 0.0001 , 0.0001 , 0.0002 , 0.0001 , -0.0 , -0.0002 , -0.0002 , -0.0002 , -0.0001 , -0.0 , 0.0 , 0.0001 , 0.0001 , 0.0002 , 0.0002 , 0.0002 , 0.0001 , -0.0001 , -0.0002 , -0.0002 , -0.0002 , -0.0001 , -0.0001 , -0.0 , 0.0001 , 0.0001 ]


Clmax = [ , 0.5979 , 0.9793 , 1.0257 , 1.0438 , 1.0573 , 1.0761 , 1.0648 , 1.0793 , 1.1085 , 1.0958 , 1.1042 , 1.1178 , 1.1046 , 1.1234 , 1.1421 , 1.13 , 1.129 , 1.1572 , 1.1476 , 1.153 , 1.1631 , 1.1693 , 1.1702 , 1.17 , 1.1719 , 1.1776 , 1.1839 , 1.1915 , 1.1963 , 1.1954 , 1.1987 , 1.2029 , 1.2075 , 1.2126 , 1.2177 , 1.2232 , 1.235 , 1.2405 , 1.2449 , 1.2468 , 1.2475 , 1.25 , 1.2499 , 1.2564 , 1.2625 , 1.2684 , 1.2741 , 1.2799 , 1.2856 , 1.3035 , 1.3097 , 1.3153 , 1.3287 , 1.332 ]


al0 = [ , 0.0 , 0.011 , 0.007 , 0.003 , -0.003 , 0.003 , -0.002 , 0.001 , 0.002 , -0.001 , 0.0 , 0.001 , -0.001 , -0.0 , -0.0 , 0.0 , 0.001 , 0.0 , 0.001 , -0.0 , -0.0 , -0.001 , -0.0 , 0.001 , 0.001 , 0.001 , 0.0 , -0.0 , -0.001 , -0.001 , -0.002 , -0.001 , 0.0 , 0.002 , 0.002 , 0.002 , 0.001 , 0.0 , -0.0 , -0.001 , -0.001 , -0.002 , -0.002 , -0.002 , -0.001 , 0.001 , 0.002 , 0.002 , 0.002 , 0.001 , 0.001 , 0.0 , -0.001 , -0.001 ]


als = [ , 19.0 , 11.0 , 12.0 , 12.0 , 12.0 , 13.0 , 12.0 , 13.0 , 13.0 , 13.0 , 14.0 , 13.0 , 14.0 , 14.0 , 14.0 , 14.0 , 14.0 , 15.0 , 14.0 , 15.0 , 16.0 , 15.0 , 15.0 , 15.0 , 15.0 , 16.0 , 16.0 , 16.0 , 16.0 , 16.0 , 16.0 , 16.0 , 16.0 , 16.0 , 16.0 , 16.0 , 16.0 , 16.0 , 16.0 , 16.0 , 15.0 , 15.0 , 16.0 , 16.0 , 16.0 , 16.0 , 16.0 , 16.0 , 16.0 , 17.0 , 17.0 , 17.0 , 16.0 , 16.0 ]


clcdmax = [ , 2.72 , 39.55 , 50.91 , 51.42 , 52.32 , 53.15 , 54.32 , 55.34 , 56.39 , 57.28 , 58.04 , 58.79 , 59.34 , 59.7 , 59.92 , 59.98 , 61.04 , 62.14 , 63.1 , 64.76 , 65.55 , 66.15 , 66.78 , 67.34 , 67.78 , 68.23 , 68.71 , 68.97 , 69.27 , 69.56 , 69.54 , 69.83 , 69.81 , 69.99 , 69.97 , 69.86 , 69.73 , 69.73 , 69.54 , 69.44 , 69.42 , 69.2 , 69.19 , 69.08 , 68.97 , 68.95 , 68.85 , 68.74 , 68.74 , 69.36 , 69.73 , 69.45 , 70.43 , 71.41 ]


Cd0 = [ , 0.06361 , 0.02582 , 0.01571 , 0.01426 , 0.01317 , 0.01228 , 0.01162 , 0.01103 , 0.01058 , 0.01017 , 0.00979 , 0.00949 , 0.00925 , 0.00898 , 0.00874 , 0.00854 , 0.00839 , 0.00823 , 0.00805 , 0.00775 , 0.00763 , 0.00754 , 0.00745 , 0.00735 , 0.00724 , 0.00714 , 0.00705 , 0.00697 , 0.00689 , 0.00683 , 0.00678 , 0.00673 , 0.00666 , 0.00661 , 0.00654 , 0.00648 , 0.00637 , 0.00632 , 0.00627 , 0.00623 , 0.0062 , 0.00616 , 0.00613 , 0.0061 , 0.00606 , 0.00603 , 0.006 , 0.00596 , 0.00592 , 0.00582 , 0.00579 , 0.00576 , 0.00568 , 0.00566 ]
________________________________________________________________________________________________________________________________________________________________________________