________________________________________________________________________________________________________________________________________________________________________________

Perfil e420

Rey = [ , 3.0 , 19.0 , 21.0 , 23.0 , 25.0 , 27.0 , 29.0 , 31.0 , 33.0 , 35.0 , 39.0 , 41.0 , 43.0 , 47.0 , 49.0 , 51.0 , 53.0 , 55.0 , 61.0 , 77.0 , 81.0 , 83.0 , 87.0 , 93.0 , 99.0 , 101.0 , 105.0 , 107.0 , 113.0 , 115.0 , 117.0 , 119.0 , 121.0 , 125.0 , 127.0 , 129.0 ]


Cla = [ , 0.32605 , 0.1041 , 0.10458 , 0.1028 , 0.10431 , 0.1066 , 0.10265 , 0.1085 , 0.10635 , 0.10672 , 0.10596 , 0.10945 , 0.1102 , 0.10845 , 0.1094 , 0.11105 , 0.11015 , 0.10327 , 0.10134 , 0.1004 , 0.09825 , 0.10275 , 0.10293 , 0.10312 , 0.10141 , 0.10135 , 0.10047 , 0.10046 , 0.10195 , 0.09825 , 0.09837 , 0.09845 , 0.1024 , 0.09908 , 0.1032 , 0.09928 ]


Cl0 = [ , -0.3303 , 1.1235 , 1.1293 , 1.1382 , 1.136 , 1.1336 , 1.1333 , 1.1334 , 1.1372 , 1.1338 , 1.1275 , 1.1252 , 1.123 , 1.1203 , 1.1212 , 1.1224 , 1.119 , 1.1153 , 1.1079 , 1.1007 , 1.1018 , 1.1023 , 1.1017 , 1.1021 , 1.1033 , 1.1038 , 1.1049 , 1.1054 , 1.107 , 1.1075 , 1.1079 , 1.1084 , 1.1089 , 1.1097 , 1.1101 , 1.1104 ]


Clmax = [ , 1.216 , 1.8371 , 1.8688 , 2.001 , 2.0533 , 2.0731 , 2.1118 , 2.1062 , 2.1279 , 2.1319 , 2.1257 , 2.124 , 2.1249 , 2.1294 , 2.1323 , 2.135 , 2.137 , 2.1388 , 2.1447 , 2.162 , 2.1632 , 2.1656 , 2.1691 , 2.1776 , 2.1844 , 2.1861 , 2.1887 , 2.1895 , 2.1904 , 2.1904 , 2.1905 , 2.1928 , 2.1953 , 2.1997 , 2.2016 , 2.2034 ]


al0 = [ , 1.013 , -10.793 , -10.798 , -11.072 , -10.89 , -10.634 , -11.04 , -10.446 , -10.693 , -10.624 , -10.641 , -10.28 , -10.191 , -10.33 , -10.249 , -10.107 , -10.159 , -10.799 , -10.933 , -10.963 , -11.214 , -10.728 , -10.704 , -10.687 , -10.879 , -10.891 , -10.997 , -11.003 , -10.858 , -11.272 , -11.262 , -11.259 , -10.829 , -11.201 , -10.757 , -11.185 ]


als = [ , 19.0 , 10.0 , 11.0 , 11.0 , 11.0 , 12.0 , 12.0 , 13.0 , 13.0 , 13.0 , 14.0 , 14.0 , 14.0 , 14.0 , 14.0 , 14.0 , 14.0 , 14.0 , 14.0 , 14.0 , 15.0 , 15.0 , 15.0 , 14.0 , 14.0 , 14.0 , 14.0 , 14.0 , 14.0 , 14.0 , 14.0 , 14.0 , 14.0 , 14.0 , 14.0 , 14.0 ]


clcdmax = [ , 4.93 , 58.17 , 64.27 , 69.25 , 73.06 , 77.04 , 81.16 , 85.17 , 88.25 , 90.03 , 95.26 , 97.89 , 100.13 , 104.28 , 106.09 , 105.87 , 105.54 , 109.83 , 114.42 , 123.24 , 124.57 , 120.43 , 127.51 , 125.63 , 134.39 , 135.51 , 137.47 , 138.53 , 141.36 , 142.37 , 143.27 , 144.18 , 134.86 , 146.59 , 142.54 , 148.1 ]


Cd0 = [ , 0.13347 , 0.02191 , 0.0204 , 0.01937 , 0.01855 , 0.01771 , 0.01698 , 0.01641 , 0.01612 , 0.01564 , 0.01478 , 0.01443 , 0.01412 , 0.01362 , 0.01348 , 0.01335 , 0.01311 , 0.01289 , 0.0123 , 0.0114 , 0.0113 , 0.01124 , 0.01104 , 0.01078 , 0.01055 , 0.01048 , 0.01035 , 0.01029 , 0.01012 , 0.01007 , 0.01002 , 0.00998 , 0.00994 , 0.00986 , 0.00982 , 0.00979 ]
________________________________________________________________________________________________________________________________________________________________________________