________________________________________________________________________________________________________________________________________________________________________________

Perfil aj2190-SRTL10

Rey = [ , 7.0 , 11.0 , 14.0 , 15.0 , 16.0 , 19.0 , 20.0 , 23.0 , 25.0 , 26.0 , 28.0 , 29.0 , 32.0 , 34.0 , 37.0 , 38.0 , 39.0 , 40.0 , 43.0 , 45.0 , 47.0 , 48.0 , 50.0 , 53.0 , 56.0 , 57.0 , 58.0 , 59.0 , 62.0 , 65.0 , 67.0 , 69.0 , 71.0 , 74.0 , 75.0 , 76.0 , 78.0 , 79.0 , 80.0 , 81.0 , 83.0 , 84.0 , 85.0 , 86.0 , 87.0 , 88.0 , 89.0 , 90.0 , 91.0 , 92.0 , 93.0 , 94.0 , 95.0 , 96.0 , 97.0 , 98.0 , 100.0 , 101.0 , 102.0 , 103.0 , 104.0 , 105.0 , 106.0 , 107.0 , 108.0 , 109.0 , 111.0 , 114.0 , 115.0 , 117.0 , 119.0 , 120.0 , 121.0 , 122.0 , 123.0 , 124.0 , 128.0 , 129.0 ]


Cla = [ , 0.12917 , 0.10055 , 0.1139 , 0.11167 , 0.11283 , 0.11765 , 0.12025 , 0.1207 , 0.1194 , 0.1179 , 0.12 , 0.12015 , 0.1167 , 0.1121 , 0.08628 , 0.08615 , 0.08615 , 0.0862 , 0.08502 , 0.08475 , 0.08465 , 0.08438 , 0.08385 , 0.1107 , 0.07363 , 0.06919 , 0.07343 , 0.07332 , 0.0731 , 0.07305 , 0.0731 , 0.0731 , 0.07307 , 0.11075 , 0.11075 , 0.11075 , 0.11075 , 0.11075 , 0.11075 , 0.11075 , 0.1108 , 0.11085 , 0.107 , 0.1109 , 0.1109 , 0.1109 , 0.1109 , 0.1109 , 0.1111 , 0.1113 , 0.11145 , 0.1117 , 0.1065 , 0.1122 , 0.1125 , 0.11285 , 0.11305 , 0.11325 , 0.11345 , 0.11365 , 0.11375 , 0.11385 , 0.11405 , 0.11425 , 0.11435 , 0.1145 , 0.11475 , 0.12325 , 0.12315 , 0.11575 , 0.12295 , 0.12295 , 0.1229 , 0.12295 , 0.1229 , 0.12285 , 0.1228 , 0.1228 ]


Cl0 = [ , 1.1155 , 1.1586 , 1.1695 , 1.1693 , 1.1698 , 1.1529 , 1.1693 , 1.1658 , 1.1644 , 1.1659 , 1.1624 , 1.1614 , 1.1612 , 1.1627 , 1.1628 , 1.1633 , 1.1639 , 1.1645 , 1.1662 , 1.1674 , 1.1686 , 1.1695 , 1.1712 , 1.1737 , 1.1759 , 1.1766 , 1.1772 , 1.1778 , 1.1796 , 1.1815 , 1.1829 , 1.1844 , 1.1858 , 1.1877 , 1.1884 , 1.189 , 1.1903 , 1.1909 , 1.1915 , 1.192 , 1.193 , 1.1934 , 1.1938 , 1.1943 , 1.1948 , 1.1952 , 1.1956 , 1.196 , 1.1962 , 1.1964 , 1.1967 , 1.1969 , 1.1969 , 1.197 , 1.197 , 1.1969 , 1.1976 , 1.1978 , 1.198 , 1.1982 , 1.1986 , 1.1989 , 1.1991 , 1.1992 , 1.1996 , 1.1998 , 1.2003 , 1.2011 , 1.2013 , 1.2017 , 1.2023 , 1.2026 , 1.2029 , 1.2031 , 1.2033 , 1.2036 , 1.2048 , 1.2051 ]


Clmax = [ , 1.6966 , 2.0816 , 2.2227 , 2.2638 , 2.31 , 2.299 , 2.3016 , 2.3125 , 2.3187 , 2.3171 , 2.3195 , 2.3225 , 2.3323 , 2.3395 , 2.3479 , 2.3499 , 2.3516 , 2.3545 , 2.366 , 2.3714 , 2.3752 , 2.3766 , 2.3811 , 2.3898 , 2.3955 , 2.3968 , 2.398 , 2.3989 , 2.4057 , 2.4114 , 2.4141 , 2.416 , 2.4175 , 2.423 , 2.4246 , 2.4261 , 2.4285 , 2.4294 , 2.4302 , 2.4308 , 2.4318 , 2.4225 , 2.4333 , 2.4348 , 2.4362 , 2.4375 , 2.4387 , 2.4398 , 2.4407 , 2.4416 , 2.4423 , 2.4429 , 2.4434 , 2.4438 , 2.444 , 2.4443 , 2.4453 , 2.4466 , 2.4478 , 2.4489 , 2.4499 , 2.4508 , 2.4517 , 2.4524 , 2.4531 , 2.4537 , 2.4546 , 2.4553 , 2.4555 , 2.456 , 2.4579 , 2.4588 , 2.4597 , 2.4605 , 2.4613 , 2.462 , 2.4643 , 2.4647 ]


al0 = [ , -8.636 , -11.523 , -10.268 , -10.471 , -10.368 , -9.799 , -9.724 , -9.659 , -9.752 , -9.889 , -9.687 , -9.666 , -9.95 , -10.372 , -13.478 , -13.503 , -13.51 , -13.509 , -13.716 , -13.775 , -13.805 , -13.861 , -13.968 , -10.603 , -15.97 , -17.006 , -16.031 , -16.065 , -16.137 , -16.174 , -16.182 , -16.202 , -16.229 , -10.724 , -10.73 , -10.736 , -10.748 , -10.753 , -10.758 , -10.763 , -10.767 , -10.766 , -11.157 , -10.769 , -10.774 , -10.777 , -10.781 , -10.784 , -10.767 , -10.749 , -10.738 , -10.715 , -11.238 , -10.668 , -10.64 , -10.606 , -10.594 , -10.577 , -10.56 , -10.543 , -10.537 , -10.531 , -10.514 , -10.496 , -10.491 , -10.479 , -10.46 , -9.745 , -9.755 , -10.382 , -9.779 , -9.781 , -9.788 , -9.785 , -9.791 , -9.797 , -9.811 , -9.814 ]


als = [ , 7.0 , 10.0 , 13.0 , 13.0 , 12.0 , 14.0 , 14.0 , 14.0 , 14.0 , 14.0 , 15.0 , 15.0 , 15.0 , 15.0 , 15.0 , 15.0 , 15.0 , 15.0 , 15.0 , 15.0 , 15.0 , 15.0 , 15.0 , 15.0 , 15.0 , 15.0 , 15.0 , 15.0 , 15.0 , 15.0 , 15.0 , 15.0 , 15.0 , 15.0 , 15.0 , 15.0 , 15.0 , 15.0 , 15.0 , 15.0 , 15.0 , 14.0 , 15.0 , 15.0 , 15.0 , 15.0 , 15.0 , 15.0 , 15.0 , 15.0 , 15.0 , 15.0 , 15.0 , 15.0 , 15.0 , 15.0 , 15.0 , 15.0 , 15.0 , 15.0 , 15.0 , 15.0 , 15.0 , 15.0 , 15.0 , 15.0 , 15.0 , 15.0 , 15.0 , 15.0 , 15.0 , 15.0 , 15.0 , 15.0 , 15.0 , 15.0 , 15.0 , 15.0 ]


clcdmax = [ , 44.35 , 55.37 , 61.51 , 63.42 , 65.06 , 146.12 , 71.16 , 75.42 , 77.8 , 78.59 , 80.16 , 80.93 , 83.31 , 85.22 , 86.2 , 86.92 , 87.64 , 88.37 , 90.39 , 91.73 , 92.94 , 93.54 , 94.68 , 97.14 , 96.31 , 96.55 , 97.1 , 97.71 , 99.43 , 101.12 , 102.13 , 103.17 , 104.15 , 105.81 , 106.26 , 106.69 , 107.62 , 108.12 , 108.55 , 109.06 , 109.96 , 110.41 , 111.77 , 111.24 , 111.7 , 112.1 , 112.56 , 112.95 , 113.36 , 113.83 , 114.24 , 114.64 , 114.98 , 115.39 , 115.81 , 116.14 , 116.9 , 117.25 , 117.59 , 117.95 , 118.29 , 118.56 , 118.91 , 119.18 , 119.53 , 119.81 , 120.35 , 121.18 , 121.37 , 121.84 , 122.31 , 122.5 , 122.6 , 122.79 , 123.03 , 123.34 , 124.48 , 124.8 ]


Cd0 = [ , 0.02708 , 0.0227 , 0.02084 , 0.02023 , 0.01975 , 0.00789 , 0.01834 , 0.01744 , 0.01702 , 0.0169 , 0.01642 , 0.01623 , 0.01578 , 0.01562 , 0.01517 , 0.01503 , 0.01491 , 0.01481 , 0.01455 , 0.01442 , 0.01429 , 0.01418 , 0.01399 , 0.01375 , 0.01355 , 0.01349 , 0.01343 , 0.01338 , 0.01325 , 0.01315 , 0.01304 , 0.01292 , 0.01281 , 0.01266 , 0.01262 , 0.01257 , 0.01249 , 0.01245 , 0.01241 , 0.01238 , 0.01231 , 0.01228 , 0.01225 , 0.01222 , 0.01219 , 0.01216 , 0.01214 , 0.01211 , 0.0121 , 0.01208 , 0.01206 , 0.01204 , 0.01203 , 0.01203 , 0.01202 , 0.01201 , 0.01195 , 0.01192 , 0.01189 , 0.01187 , 0.01184 , 0.01181 , 0.01179 , 0.01177 , 0.01174 , 0.01172 , 0.01168 , 0.01161 , 0.01159 , 0.01156 , 0.01152 , 0.0115 , 0.01148 , 0.01146 , 0.01145 , 0.01143 , 0.01136 , 0.01135 ]
________________________________________________________________________________________________________________________________________________________________________________