________________________________________________________________________________________________________________________________________________________________________________

Perfil n0015

Rey = [ , 0.5 , 6.5 , 18.5 , 24.5 , 26.5 , 28.5 , 30.5 , 32.5 , 38.5 , 40.5 , 46.5 , 56.5 , 60.5 , 62.5 , 66.5 , 70.5 , 72.5 , 74.5 , 82.5 , 88.5 , 92.5 , 94.5 , 96.5 , 102.5 , 108.5 , 110.5 , 112.5 , 114.5 , 120.5 , 124.5 , 126.5 , 128.5 ]


Cla = [ , 0.01146 , 0.04915 , 0.15682 , 0.13855 , 0.1375 , 0.13895 , 0.13998 , 0.14115 , 0.14038 , 0.13782 , 0.09945 , 0.08245 , 0.08195 , 0.0838 , 0.08225 , 0.08105 , 0.08117 , 0.08117 , 0.0822 , 0.0831 , 0.0829 , 0.08335 , 0.0833 , 0.1304 , 0.08518 , 0.0853 , 0.0856 , 0.08615 , 0.0868 , 0.08727 , 0.0876 , 0.08783 ]


Cl0 = [ , 0.0 , 0.005 , -0.003 , -0.0 , -0.0016 , 0.0006 , -0.0006 , 0.0001 , -0.0004 , 0.0001 , -0.0001 , -0.0002 , -0.0 , 0.0001 , -0.0002 , -0.0002 , -0.0 , 0.0001 , -0.0003 , 0.0002 , 0.0003 , -0.0001 , -0.0005 , -0.0001 , 0.0004 , 0.0001 , -0.0003 , -0.0006 , -0.0003 , -0.0001 , 0.0001 , 0.0001 ]


Clmax = [ , 0.4951 , 0.9907 , 1.1404 , 1.1374 , 1.1279 , 1.1307 , 1.1253 , 1.1307 , 1.1641 , 1.1753 , 1.2183 , 1.2602 , 1.2708 , 1.274 , 1.2643 , 1.2375 , 1.2405 , 1.2399 , 1.2511 , 1.2581 , 1.2619 , 1.2637 , 1.2654 , 1.2707 , 1.276 , 1.2776 , 1.2793 , 1.2809 , 1.2854 , 1.2879 , 1.289 , 1.2908 ]


al0 = [ , -0.0 , -0.102 , 0.019 , 0.0 , 0.012 , -0.004 , 0.004 , -0.001 , 0.003 , -0.001 , 0.001 , 0.002 , 0.0 , -0.001 , 0.002 , 0.002 , 0.0 , -0.001 , 0.004 , -0.002 , -0.004 , 0.001 , 0.006 , 0.001 , -0.005 , -0.001 , 0.004 , 0.007 , 0.003 , 0.001 , -0.001 , -0.001 ]


als = [ , 19.0 , 10.0 , 14.0 , 17.0 , 16.0 , 17.0 , 16.0 , 16.0 , 16.0 , 16.0 , 16.0 , 16.0 , 16.0 , 16.0 , 15.0 , 16.0 , 14.0 , 16.0 , 16.0 , 16.0 , 16.0 , 16.0 , 16.0 , 16.0 , 16.0 , 16.0 , 16.0 , 16.0 , 16.0 , 16.0 , 16.0 , 16.0 ]


clcdmax = [ , 2.37 , 32.1 , 49.65 , 53.2 , 54.74 , 56.13 , 57.09 , 57.34 , 60.12 , 61.26 , 62.43 , 65.45 , 66.67 , 64.61 , 67.4 , 67.68 , 67.82 , 67.88 , 68.48 , 69.37 , 69.88 , 70.17 , 69.05 , 70.41 , 69.64 , 69.76 , 69.85 , 70.01 , 70.32 , 70.49 , 70.54 , 70.49 ]


Cd0 = [ , 0.06392 , 0.0309 , 0.01139 , 0.00958 , 0.0092 , 0.00889 , 0.00863 , 0.00842 , 0.00791 , 0.00776 , 0.00745 , 0.00708 , 0.00695 , 0.0069 , 0.00682 , 0.00672 , 0.00668 , 0.00665 , 0.00653 , 0.00644 , 0.00641 , 0.00639 , 0.00637 , 0.00629 , 0.00625 , 0.00624 , 0.00622 , 0.00621 , 0.00615 , 0.00612 , 0.00612 , 0.00611 ]
________________________________________________________________________________________________________________________________________________________________________________