________________________________________________________________________________________________________________________________________________________________________________

Perfil S1223RTL

Rey = [ , 17.0 , 23.0 , 25.0 , 27.0 , 33.0 , 37.0 , 39.0 , 41.0 , 43.0 , 45.0 , 47.0 , 49.0 , 51.0 , 53.0 , 55.0 , 57.0 , 59.0 , 65.0 , 67.0 , 69.0 , 71.0 , 75.0 , 77.0 , 81.0 , 83.0 , 85.0 , 89.0 , 91.0 , 93.0 , 95.0 , 97.0 , 99.0 , 105.0 , 109.0 , 111.0 , 113.0 , 115.0 , 117.0 , 119.0 , 123.0 , 125.0 , 127.0 , 129.0 ]


Cla = [ , 0.1213 , 0.10758 , 0.1107 , 0.10415 , 0.114 , 0.1123 , 0.11015 , 0.1087 , 0.107 , 0.10915 , 0.1087 , 0.1083 , 0.1042 , 0.10482 , 0.10285 , 0.1023 , 0.1023 , 0.1045 , 0.10445 , 0.10233 , 0.1043 , 0.10395 , 0.10375 , 0.1034 , 0.1034 , 0.1034 , 0.10345 , 0.1035 , 0.10355 , 0.1036 , 0.10365 , 0.10375 , 0.1142 , 0.1141 , 0.11407 , 0.11403 , 0.10736 , 0.11397 , 0.11398 , 0.11525 , 0.11525 , 0.11522 , 0.11523 ]


Cl0 = [ , 1.1188 , 1.1156 , 1.1172 , 1.1121 , 1.1065 , 1.1074 , 1.1068 , 1.1073 , 1.1081 , 1.1091 , 1.1102 , 1.1114 , 1.1128 , 1.1148 , 1.1162 , 1.1177 , 1.1193 , 1.1241 , 1.1256 , 1.1271 , 1.1286 , 1.1316 , 1.133 , 1.1355 , 1.1367 , 1.1377 , 1.1394 , 1.1406 , 1.142 , 1.1433 , 1.1445 , 1.1457 , 1.1494 , 1.1516 , 1.1527 , 1.1537 , 1.1547 , 1.1557 , 1.1566 , 1.1584 , 1.1593 , 1.1601 , 1.1609 ]


Clmax = [ , 2.0977 , 2.2528 , 2.2834 , 2.3444 , 2.3772 , 2.3912 , 2.3902 , 2.3962 , 2.4016 , 2.4053 , 2.4019 , 2.4031 , 2.4094 , 2.4154 , 2.4206 , 2.4247 , 2.4277 , 2.4488 , 2.4533 , 2.4587 , 2.4634 , 2.4703 , 2.4727 , 2.4818 , 2.4866 , 2.4909 , 2.4978 , 2.5004 , 2.5024 , 2.5039 , 2.5054 , 2.5094 , 2.5177 , 2.52 , 2.5202 , 2.5207 , 2.5228 , 2.5244 , 2.5254 , 2.5253 , 2.5245 , 2.5246 , 2.5254 ]


al0 = [ , -9.223 , -10.37 , -10.092 , -10.678 , -9.706 , -9.861 , -10.048 , -10.187 , -10.356 , -10.161 , -10.213 , -10.262 , -10.679 , -10.636 , -10.853 , -10.926 , -10.941 , -10.757 , -10.776 , -11.014 , -10.821 , -10.886 , -10.92 , -10.982 , -10.993 , -11.003 , -11.014 , -11.02 , -11.028 , -11.036 , -11.042 , -11.043 , -10.065 , -10.093 , -10.105 , -10.118 , -10.755 , -10.14 , -10.148 , -10.051 , -10.059 , -10.068 , -10.075 ]


als = [ , 11.0 , 12.0 , 14.0 , 14.0 , 17.0 , 15.0 , 16.0 , 16.0 , 16.0 , 16.0 , 16.0 , 17.0 , 17.0 , 17.0 , 17.0 , 17.0 , 17.0 , 18.0 , 17.0 , 17.0 , 17.0 , 17.0 , 17.0 , 17.0 , 17.0 , 17.0 , 17.0 , 17.0 , 17.0 , 17.0 , 17.0 , 17.0 , 17.0 , 17.0 , 17.0 , 17.0 , 17.0 , 17.0 , 17.0 , 17.0 , 17.0 , 17.0 , 17.0 ]


clcdmax = [ , 54.82 , 63.26 , 65.93 , 68.43 , 73.23 , 76.54 , 77.91 , 78.85 , 79.65 , 80.98 , 82.18 , 83.42 , 84.61 , 85.75 , 86.9 , 88.04 , 89.15 , 91.79 , 92.0 , 92.48 , 93.39 , 95.32 , 96.22 , 97.84 , 98.61 , 99.27 , 100.71 , 101.52 , 102.27 , 103.03 , 103.81 , 104.63 , 106.96 , 108.43 , 109.11 , 109.79 , 110.41 , 111.03 , 111.66 , 112.8 , 113.49 , 114.18 , 114.8 ]


Cd0 = [ , 0.02201 , 0.01963 , 0.01918 , 0.01854 , 0.01729 , 0.01671 , 0.01638 , 0.01608 , 0.01582 , 0.01558 , 0.01538 , 0.01522 , 0.01511 , 0.01505 , 0.01483 , 0.01463 , 0.01444 , 0.01398 , 0.01384 , 0.01372 , 0.0136 , 0.01338 , 0.01329 , 0.01312 , 0.01306 , 0.013 , 0.01293 , 0.01284 , 0.01275 , 0.01266 , 0.01257 , 0.01249 , 0.01226 , 0.01213 , 0.01206 , 0.012 , 0.01194 , 0.01188 , 0.01183 , 0.01173 , 0.01168 , 0.01163 , 0.01159 ]
________________________________________________________________________________________________________________________________________________________________________________